191.027496	2.283289	1.105821
192.613373	2.296824	1.096548
194.199341	2.310043	1.087136
195.78537	2.322948	1.077593
197.371429	2.33554	1.067931
198.957581	2.347821	1.058156
200.543777	2.359795	1.04828
202.130035	2.371463	1.038309
203.716339	2.382829	1.028253
205.302734	2.393895	1.018119
206.88916	2.404664	1.007916
208.475632	2.415141	0.997652
210.06218	2.425327	0.987332
211.648773	2.435227	0.976965
213.235443	2.444845	0.966557
214.822144	2.454184	0.956116
216.408905	2.463248	0.945646
217.995728	2.472042	0.935155
219.582596	2.480568	0.924649
221.169525	2.488832	0.914132
222.7565	2.496837	0.903611
224.343536	2.504588	0.89309
225.930588	2.512089	0.882575
227.517731	2.519344	0.87207
229.104904	2.526357	0.861579
230.692139	2.533134	0.851108
232.279388	2.539677	0.84066
233.86673	2.545991	0.830239
235.454102	2.552082	0.819849
237.041534	2.557952	0.809494
238.628983	2.563607	0.799176
240.216507	2.56905	0.788899
241.804047	2.574286	0.778666
243.391647	2.579319	0.76848
244.979294	2.584153	0.758344
246.566986	2.588792	0.74826
248.154739	2.593241	0.73823
249.742508	2.597503	0.728257
251.330322	2.601583	0.718344
252.918182	2.605485	0.708491
254.506104	2.609211	0.6987
256.094055	2.612767	0.688975
257.682037	2.616156	0.679315
259.270081	2.619382	0.669724
260.858124	2.622448	0.660201
262.446228	2.625359	0.650749
264.034363	2.628117	0.641368
265.622559	2.630727	0.632061
267.210754	2.633191	0.622827
268.799011	2.635513	0.613667
270.387329	2.637697	0.604584
271.975647	2.639745	0.595576
273.564026	2.641662	0.586646
275.152405	2.64345	0.577794
276.740845	2.645112	0.569019
278.329315	2.646651	0.560324
279.917816	2.648071	0.551708
281.506348	2.649374	0.543171
283.09491	2.650563	0.534714
284.683533	2.651641	0.526338
286.272156	2.652611	0.518041
287.860779	2.653475	0.509826
289.449493	2.654236	0.501691
291.038208	2.654897	0.493637
292.626953	2.65546	0.485663
294.215729	2.655927	0.477771
295.804535	2.656302	0.469959
297.393372	2.656586	0.462228
298.982239	2.656781	0.454578
300.571106	2.656891	0.447008
302.160004	2.656917	0.439519
303.748962	2.656862	0.43211
305.337921	2.656727	0.424781
306.92691	2.656514	0.417531
308.51593	2.656226	0.410361
310.10495	2.655865	0.40327
311.694	2.655432	0.396259
313.283081	2.65493	0.389325
314.872192	2.65436	0.38247
316.461304	2.653724	0.375693
318.050446	2.653024	0.368994
319.639618	2.652261	0.362372
321.22879	2.651438	0.355826
322.817993	2.650556	0.349358
324.407227	2.649616	0.342965
325.99646	2.648621	0.336647
327.585724	2.647571	0.330405
329.174988	2.646468	0.324238
330.764282	2.645314	0.318145
332.353577	2.644109	0.312126
333.942932	2.642856	0.30618
335.532257	2.641557	0.300307
337.121613	2.640211	0.294507
338.710968	2.63882	0.288779
340.300354	2.637387	0.283122
341.88974	2.635911	0.277537
343.479156	2.634395	0.272022
345.068542	2.632839	0.266577
346.65799	2.631244	0.261202
348.247437	2.629612	0.255896
349.836853	2.627945	0.250659
351.426331	2.626242	0.245489
353.015808	2.624505	0.240388
354.605286	2.622735	0.235354
356.194763	2.620933	0.230387
357.784241	2.6191	0.225486
359.373749	2.617237	0.220651
360.963287	2.615346	0.215881
362.552795	2.613426	0.211176
364.142303	2.611479	0.206535
365.731842	2.609505	0.201958
367.32135	2.607507	0.197445
368.910889	2.605484	0.192994
370.500427	2.603437	0.188606
372.089996	2.601367	0.18428
373.679504	2.599275	0.180016
375.269073	2.597162	0.175813
376.858612	2.595028	0.17167
378.448181	2.592875	0.167588
380.03772	2.590703	0.163565
381.627258	2.588512	0.159602
383.216827	2.586304	0.155697
384.806335	2.584079	0.151851
386.395905	2.581838	0.148063
387.985443	2.579581	0.144332
389.575012	2.57731	0.140659
391.16452	2.575024	0.137042
392.754059	2.572725	0.133481
394.343567	2.570413	0.129977
395.933105	2.568089	0.126527
397.522644	2.565753	0.123133
399.112152	2.563406	0.119793
400.70166	2.561048	0.116508
402.291168	2.558681	0.113276
403.880676	2.556304	0.110098
405.470154	2.553918	0.106973
407.059631	2.551524	0.1039
408.649109	2.549122	0.10088
410.238586	2.546713	0.097911
411.827972	2.544298	0.094994
413.417419	2.541876	0.092128
415.006897	2.539449	0.089313
416.596283	2.537016	0.086548
418.185699	2.534579	0.083833
419.775085	2.532138	0.081168
421.364441	2.529693	0.078552
422.953857	2.527245	0.075985
424.543152	2.524794	0.073467
426.132507	2.522341	0.070997
427.721832	2.519886	0.068575
429.311127	2.51743	0.066201
430.900452	2.514972	0.063873
432.489746	2.512515	0.061593
434.07901	2.510057	0.05936
435.668213	2.5076	0.057172
437.257416	2.505143	0.055031
438.846619	2.502688	0.052935
440.435852	2.500235	0.050885
442.024994	2.497784	0.048879
443.614166	2.495335	0.046919
445.203278	2.49289	0.045002
446.792389	2.490447	0.04313
448.381439	2.488009	0.041302
449.97052	2.485575	0.039518
451.559509	2.483145	0.037776
453.148529	2.480721	0.036078
454.737549	2.478302	0.034422
456.326508	2.475889	0.032809
457.915436	2.473483	0.031238
459.504333	2.471083	0.029708
461.093201	2.46869	0.028221
462.682068	2.466305	0.026774
464.270935	2.463928	0.025369
465.859711	2.461559	0.024004
467.448486	2.459199	0.022681
469.037262	2.456849	0.021397
470.625977	2.454508	0.020153
472.214661	2.452177	0.018949
473.803314	2.449857	0.017785
475.391937	2.447547	0.01666
476.98056	2.445249	0.015574
478.569153	2.442963	0.014527
480.157654	2.44069	0.013518
481.746155	2.438429	0.012547
483.334625	2.436181	0.011615
484.923035	2.433948	0.010721
486.511475	2.431728	0.009864
488.099792	2.429524	0.009044
489.688141	2.427334	0.008262
491.276459	2.425161	0.007516
492.864685	2.423004	0.006808
494.452942	2.420864	0.006135
496.041107	2.418741	0.005499
497.629242	2.416637	0.004899
499.217377	2.414551	0.004335
500.80542	2.412485	0.003806
502.393463	2.410439	0.003313
503.981445	2.408415	0.002855
505.569397	2.406412	0.002432
507.157318	2.404431	0.002043
508.745178	2.402474	0.001689
510.333008	2.400541	0.001369
511.920807	2.398634	0.001084
513.508484	2.396754	0.000832
515.096191	2.394902	0.000614
516.683838	2.393079	0.000429
518.271484	2.391288	0.000278
519.859009	2.38953	0.000159
521.446533	2.387809	0.000074
523.033997	2.386128	0.000021
524.62146	2.384495	0
526.208801	2.382924	0
527.796143	2.381403	0
529.383423	2.379924	0
530.970642	2.378482	0
532.5578	2.377072	0
534.144897	2.375694	0
535.732056	2.374345	0
537.319031	2.373023	0
538.906006	2.371726	0
540.492981	2.370455	0
542.079834	2.369207	0
543.666626	2.367981	0
545.253418	2.366777	0
546.840149	2.365594	0
548.426758	2.364431	0
550.013367	2.363287	0
551.599915	2.362162	0
553.186401	2.361055	0
554.772827	2.359966	0
556.359253	2.358894	0
557.945557	2.357837	0
559.531799	2.356797	0
561.118042	2.355773	0
562.704163	2.354764	0
564.290222	2.353769	0
565.876282	2.352788	0
567.462219	2.351822	0
569.048096	2.350869	0
570.633911	2.34993	0
572.219727	2.349003	0
573.80542	2.348089	0
575.391052	2.347188	0
576.976685	2.346298	0
578.562195	2.34542	0
580.147644	2.344554	0
581.733032	2.343699	0
583.318359	2.342855	0
584.903625	2.342021	0
586.488831	2.341199	0
588.073914	2.340386	0
589.658997	2.339584	0
591.244019	2.338792	0
592.828918	2.338009	0
594.413696	2.337236	0
595.998535	2.336472	0
597.583252	2.335717	0
599.167847	2.334972	0
600.752441	2.334235	0
602.336914	2.333507	0
603.921326	2.332787	0
605.505676	2.332075	0
607.089966	2.331372	0
608.674194	2.330677	0
610.258301	2.32999	0
611.842346	2.32931	0
613.426331	2.328638	0
615.010193	2.327974	0
616.593994	2.327316	0
618.177734	2.326666	0
619.761414	2.326024	0
621.345032	2.325388	0
622.928528	2.324759	0
624.511902	2.324136	0
626.095276	2.323521	0
627.678528	2.322912	0
629.261719	2.322309	0
630.844849	2.321712	0
632.427856	2.321122	0
634.010803	2.320538	0
635.593628	2.31996	0
637.176392	2.319388	0
638.759094	2.318822	0
640.341675	2.318262	0
641.924194	2.317707	0
643.506653	2.317158	0
645.088989	2.316614	0
646.671265	2.316076	0
648.253418	2.315543	0
649.83551	2.315015	0
651.41748	2.314492	0
652.99939	2.313975	0
654.581177	2.313462	0
656.162964	2.312955	0
657.744568	2.312452	0
659.326111	2.311954	0
660.907593	2.311461	0
662.488892	2.310973	0
664.07019	2.310489	0
665.651367	2.31001	0
667.232483	2.309536	0
668.813416	2.309065	0
670.394348	2.308599	0
671.975159	2.308138	0
673.555847	2.30768	0
675.136414	2.307227	0
676.716919	2.306778	0
678.297363	2.306333	0
679.877686	2.305892	0
681.457886	2.305455	0
683.038025	2.305022	0
684.618042	2.304593	0
686.197937	2.304168	0
687.777771	2.303746	0
689.357483	2.303328	0
690.937134	2.302914	0
692.516602	2.302504	0
694.096069	2.302097	0
695.675354	2.301693	0
697.254517	2.301293	0
698.833618	2.300897	0
700.412659	2.300503	0
701.991577	2.300114	0
703.570313	2.299727	0
705.148987	2.299344	0
706.7276	2.298964	0
708.30603	2.298588	0
709.884399	2.298214	0
711.462646	2.297844	0
713.040771	2.297476	0
714.618774	2.297112	0
716.196716	2.296751	0
717.774536	2.296392	0
719.352234	2.296037	0
720.92981	2.295685	0
722.507324	2.295335	0
724.084717	2.294988	0
725.661987	2.294645	0
727.239136	2.294303	0
728.816101	2.293965	0
730.393005	2.293629	0
731.969849	2.293296	0
733.546509	2.292966	0
735.123108	2.292638	0
736.699524	2.292313	0
738.275879	2.291991	0
739.852051	2.291671	0
741.428162	2.291353	0
743.00415	2.291038	0
744.580017	2.290725	0
746.155762	2.290415	0
747.731323	2.290108	0
749.306885	2.289802	0
750.882202	2.289499	0
752.45752	2.289198	0
754.032593	2.2889	0
755.607666	2.288604	0
757.182495	2.28831	0
758.757324	2.288018	0
760.331909	2.287729	0
761.906433	2.287441	0
763.480835	2.287156	0
765.055115	2.286873	0
766.629272	2.286592	0
768.203247	2.286313	0
769.777161	2.286036	0
771.350952	2.285762	0
772.9245	2.285489	0
774.498047	2.285218	0
776.071411	2.28495	0
777.644653	2.284683	0
779.217773	2.284418	0
780.79071	2.284155	0
782.363586	2.283894	0
783.936279	2.283635	0
785.508911	2.283378	0
787.081299	2.283122	0
788.653625	2.282869	0
790.22583	2.282617	0
791.797852	2.282367	0
793.369751	2.282118	0
794.941528	2.281872	0
796.513184	2.281627	0
798.084717	2.281384	0
799.656067	2.281143	0
801.227295	2.280903	0
802.798401	2.280665	0
804.369324	2.280429	0
805.940125	2.280194	0
807.510803	2.279961	0
809.08136	2.279729	0
810.651733	2.2795	0
812.221985	2.279271	0
813.792114	2.279044	0
815.362061	2.278819	0
816.931885	2.278596	0
818.501587	2.278373	0
820.071106	2.278153	0
821.640442	2.277934	0
823.209778	2.277716	0
824.778809	2.2775	0
826.347778	2.277285	0
827.916626	2.277071	0
829.485229	2.27686	0
831.053711	2.276649	0
832.62207	2.27644	0
834.190308	2.276232	0
835.758423	2.276026	0
837.326294	2.27582	0
838.894043	2.275617	0
840.461731	2.275414	0
842.029175	2.275213	0
843.596497	2.275014	0
845.163574	2.274815	0
846.730652	2.274618	0
848.297485	2.274422	0
849.864136	2.274228	0
851.430786	2.274034	0
852.99707	2.273842	0
854.563354	2.273651	0
856.129395	2.273461	0
857.695313	2.273273	0
859.261108	2.273086	0
860.826782	2.272899	0
862.392212	2.272715	0
863.957397	2.272531	0
865.522583	2.272348	0
867.087585	2.272167	0
868.652344	2.271986	0
870.21698	2.271807	0
871.781555	2.271629	0
873.345825	2.271452	0
874.910034	2.271276	0
876.473999	2.271101	0
878.037903	2.270927	0
879.601563	2.270755	0
881.165039	2.270583	0
882.728394	2.270413	0
884.291626	2.270243	0
885.854614	2.270075	0
887.41748	2.269907	0
888.980164	2.269741	0
890.542664	2.269575	0
892.10498	2.269411	0
893.667175	2.269247	0
895.229187	2.269085	0
896.791016	2.268923	0
898.352722	2.268763	0
899.914185	2.268603	0
901.475464	2.268445	0
903.036743	2.268287	0
904.597656	2.26813	0
906.158508	2.267974	0
907.719116	2.267819	0
909.279602	2.267665	0
910.839844	2.267512	0
912.400024	2.26736	0
913.959961	2.267209	0
915.519714	2.267059	0
917.079285	2.266909	0
918.638672	2.26676	0
920.197937	2.266613	0
921.757019	2.266465	0
923.315918	2.26632	0
924.874634	2.266174	0
926.433105	2.26603	0
927.991394	2.265886	0
929.549622	2.265743	0
931.107605	2.265601	0
932.665405	2.26546	0
934.223022	2.26532	0
935.780457	2.26518	0
937.337708	2.265042	0
938.894714	2.264904	0
940.45166	2.264766	0
942.008301	2.26463	0
943.564819	2.264494	0
945.121216	2.264359	0
946.677368	2.264225	0
948.233276	2.264092	0
949.789063	2.263959	0
951.344604	2.263827	0
952.900024	2.263696	0
954.455261	2.263566	0
956.010254	2.263436	0
957.565063	2.263307	0
959.119751	2.263179	0
960.674133	2.263051	0
962.228394	2.262924	0
963.782532	2.262798	0
965.336304	2.262672	0
966.890015	2.262547	0
968.443481	2.262424	0
969.996765	2.2623	0
971.549927	2.262177	0
973.102844	2.262055	0
974.655457	2.261934	0
976.208008	2.261813	0
977.760376	2.261693	0
979.312378	2.261573	0
980.86438	2.261454	0
982.416016	2.261336	0
983.96759	2.261218	0
985.518921	2.261101	0
987.070007	2.260985	0
988.620911	2.260869	0
990.171692	2.260754	0
991.722168	2.260639	0
993.272461	2.260525	0
994.822632	2.260412	0
996.372559	2.260299	0
997.922241	2.260187	0
999.471802	2.260075	0
