191.027496	2.59722	0.612321
192.613373	2.594649	0.590183
194.199341	2.591579	0.568946
195.78537	2.588075	0.54858
197.371429	2.584195	0.529053
198.957581	2.579989	0.510333
200.543777	2.575505	0.492388
202.130035	2.570783	0.475185
203.716339	2.565862	0.458693
205.302734	2.560774	0.442881
206.88916	2.555547	0.427719
208.475632	2.55021	0.413176
210.06218	2.544784	0.399224
211.648773	2.53929	0.385837
213.235443	2.533746	0.372986
214.822144	2.528168	0.360649
216.408905	2.522571	0.348799
217.995728	2.516966	0.337415
219.582596	2.511365	0.326474
221.169525	2.505776	0.315955
222.7565	2.500209	0.305839
224.343536	2.494671	0.296107
225.930588	2.489167	0.28674
227.517731	2.483703	0.277723
229.104904	2.478284	0.269038
230.692139	2.472914	0.26067
232.279388	2.467595	0.252605
233.86673	2.462332	0.24483
235.454102	2.457125	0.23733
237.041534	2.451978	0.230095
238.628983	2.446892	0.223111
240.216507	2.441868	0.216369
241.804047	2.436907	0.209857
243.391647	2.432009	0.203566
244.979294	2.427175	0.197485
246.566986	2.422406	0.191607
248.154739	2.417701	0.185923
249.742508	2.413061	0.180424
251.330322	2.408485	0.175103
252.918182	2.403973	0.169953
254.506104	2.399525	0.164966
256.094055	2.395139	0.160137
257.682037	2.390816	0.155458
259.270081	2.386555	0.150925
260.858124	2.382356	0.146531
262.446228	2.378217	0.142271
264.034363	2.374137	0.138139
265.622559	2.370116	0.134132
267.210754	2.366154	0.130244
268.799011	2.362249	0.126471
270.387329	2.3584	0.122809
271.975647	2.354607	0.119253
273.564026	2.350868	0.1158
275.152405	2.347183	0.112447
276.740845	2.343551	0.109189
278.329315	2.339971	0.106024
279.917816	2.336442	0.102948
281.506348	2.332964	0.099958
283.09491	2.329535	0.097051
284.683533	2.326154	0.094225
286.272156	2.322821	0.091477
287.860779	2.319535	0.088804
289.449493	2.316294	0.086203
291.038208	2.313099	0.083674
292.626953	2.309948	0.081212
294.215729	2.306841	0.078817
295.804535	2.303777	0.076486
297.393372	2.300754	0.074217
298.982239	2.297773	0.072008
300.571106	2.294832	0.069857
302.160004	2.291931	0.067764
303.748962	2.289069	0.065725
305.337921	2.286245	0.063739
306.92691	2.283459	0.061806
308.51593	2.28071	0.059922
310.10495	2.277997	0.058088
311.694	2.27532	0.056301
313.283081	2.272678	0.05456
314.872192	2.27007	0.052864
316.461304	2.267496	0.051212
318.050446	2.264956	0.049603
319.639618	2.262448	0.048034
321.22879	2.259972	0.046507
322.817993	2.257527	0.045018
324.407227	2.255114	0.043567
325.99646	2.252731	0.042154
327.585724	2.250378	0.040777
329.174988	2.248055	0.039435
330.764282	2.24576	0.038128
332.353577	2.243494	0.036854
333.942932	2.241256	0.035613
335.532257	2.239045	0.034404
337.121613	2.236862	0.033227
338.710968	2.234705	0.03208
340.300354	2.232574	0.030962
341.88974	2.23047	0.029874
343.479156	2.22839	0.028813
345.068542	2.226336	0.027781
346.65799	2.224307	0.026776
348.247437	2.222302	0.025797
349.836853	2.22032	0.024844
351.426331	2.218363	0.023916
353.015808	2.216428	0.023013
354.605286	2.214516	0.022135
356.194763	2.212627	0.02128
357.784241	2.210761	0.020448
359.373749	2.208915	0.019639
360.963287	2.207092	0.018851
362.552795	2.20529	0.018086
364.142303	2.203509	0.017342
365.731842	2.201749	0.016619
367.32135	2.200009	0.015916
368.910889	2.19829	0.015234
370.500427	2.19659	0.01457
372.089996	2.19491	0.013927
373.679504	2.193249	0.013301
375.269073	2.191608	0.012695
376.858612	2.189986	0.012106
378.448181	2.188382	0.011536
380.03772	2.186797	0.010982
381.627258	2.18523	0.010446
383.216827	2.183681	0.009927
384.806335	2.18215	0.009424
386.395905	2.180637	0.008937
387.985443	2.179141	0.008466
389.575012	2.177663	0.008011
391.16452	2.176201	0.007571
392.754059	2.174757	0.007146
394.343567	2.17333	0.006736
395.933105	2.171919	0.00634
397.522644	2.170524	0.005959
399.112152	2.169146	0.005591
400.70166	2.167784	0.005237
402.291168	2.166438	0.004897
403.880676	2.165108	0.00457
405.470154	2.163794	0.004257
407.059631	2.162495	0.003956
408.649109	2.161212	0.003667
410.238586	2.159944	0.003391
411.827972	2.158692	0.003128
413.417419	2.157454	0.002876
415.006897	2.156233	0.002636
416.596283	2.155025	0.002408
418.185699	2.153833	0.002192
419.775085	2.152656	0.001986
421.364441	2.151494	0.001792
422.953857	2.150346	0.001609
424.543152	2.149213	0.001436
426.132507	2.148095	0.001274
427.721832	2.146991	0.001123
429.311127	2.145902	0.000982
430.900452	2.144828	0.000851
432.489746	2.143768	0.000729
434.07901	2.142723	0.000618
435.668213	2.141692	0.000517
437.257416	2.140676	0.000425
438.846619	2.139676	0.000342
440.435852	2.138689	0.000269
442.024994	2.137718	0.000204
443.614166	2.136762	0.000149
445.203278	2.135822	0.000103
446.792389	2.134897	0.000065
448.381439	2.133988	0.000036
449.97052	2.133096	0.000016
451.559509	2.132222	0.000004
453.148529	2.131367	0
454.737549	2.130535	0
456.326508	2.129721	0
457.915436	2.128924	0
459.504333	2.128143	0
461.093201	2.127375	0
462.682068	2.126622	0
464.270935	2.125881	0
465.859711	2.125153	0
467.448486	2.124437	0
469.037262	2.123732	0
470.625977	2.123039	0
472.214661	2.122357	0
473.803314	2.121685	0
475.391937	2.121023	0
476.98056	2.120371	0
478.569153	2.119729	0
480.157654	2.119097	0
481.746155	2.118473	0
483.334625	2.117858	0
484.923035	2.117252	0
486.511475	2.116655	0
488.099792	2.116066	0
489.688141	2.115484	0
491.276459	2.114911	0
492.864685	2.114346	0
494.452942	2.113788	0
496.041107	2.113237	0
497.629242	2.112694	0
499.217377	2.112158	0
500.80542	2.111628	0
502.393463	2.111106	0
503.981445	2.11059	0
505.569397	2.110081	0
507.157318	2.109578	0
508.745178	2.109081	0
510.333008	2.108591	0
511.920807	2.108106	0
513.508484	2.107628	0
515.096191	2.107155	0
516.683838	2.106688	0
518.271484	2.106227	0
519.859009	2.105771	0
521.446533	2.10532	0
523.033997	2.104875	0
524.62146	2.104435	0
526.208801	2.104	0
527.796143	2.10357	0
529.383423	2.103145	0
530.970642	2.102725	0
532.5578	2.10231	0
534.144897	2.101899	0
535.732056	2.101494	0
537.319031	2.101092	0
538.906006	2.100695	0
540.492981	2.100302	0
542.079834	2.099914	0
543.666626	2.09953	0
545.253418	2.09915	0
546.840149	2.098775	0
548.426758	2.098403	0
550.013367	2.098036	0
551.599915	2.097672	0
553.186401	2.097312	0
554.772827	2.096956	0
556.359253	2.096604	0
557.945557	2.096255	0
559.531799	2.09591	0
561.118042	2.095569	0
562.704163	2.095231	0
564.290222	2.094897	0
565.876282	2.094566	0
567.462219	2.094238	0
569.048096	2.093914	0
570.633911	2.093593	0
572.219727	2.093275	0
573.80542	2.092961	0
575.391052	2.092649	0
576.976685	2.092341	0
578.562195	2.092036	0
580.147644	2.091733	0
581.733032	2.091434	0
583.318359	2.091138	0
584.903625	2.090844	0
586.488831	2.090554	0
588.073914	2.090266	0
589.658997	2.089981	0
591.244019	2.089698	0
592.828918	2.089419	0
594.413696	2.089142	0
595.998535	2.088867	0
597.583252	2.088595	0
599.167847	2.088326	0
600.752441	2.088059	0
602.336914	2.087795	0
603.921326	2.087533	0
605.505676	2.087274	0
607.089966	2.087017	0
608.674194	2.086762	0
610.258301	2.08651	0
611.842346	2.08626	0
613.426331	2.086013	0
615.010193	2.085767	0
616.593994	2.085524	0
618.177734	2.085283	0
619.761414	2.085044	0
621.345032	2.084807	0
622.928528	2.084572	0
624.511902	2.08434	0
626.095276	2.084109	0
627.678528	2.08388	0
629.261719	2.083654	0
630.844849	2.083429	0
632.427856	2.083207	0
634.010803	2.082986	0
635.593628	2.082767	0
637.176392	2.082551	0
638.759094	2.082335	0
640.341675	2.082122	0
641.924194	2.081911	0
643.506653	2.081701	0
645.088989	2.081493	0
646.671265	2.081287	0
648.253418	2.081083	0
649.83551	2.08088	0
651.41748	2.080679	0
652.99939	2.08048	0
654.581177	2.080283	0
656.162964	2.080087	0
657.744568	2.079892	0
659.326111	2.0797	0
660.907593	2.079508	0
662.488892	2.079319	0
664.07019	2.079131	0
665.651367	2.078944	0
667.232483	2.078759	0
668.813416	2.078576	0
670.394348	2.078393	0
671.975159	2.078213	0
673.555847	2.078034	0
675.136414	2.077856	0
676.716919	2.07768	0
678.297363	2.077505	0
679.877686	2.077331	0
681.457886	2.077159	0
683.038025	2.076988	0
684.618042	2.076819	0
686.197937	2.076651	0
687.777771	2.076484	0
689.357483	2.076318	0
690.937134	2.076154	0
692.516602	2.075991	0
694.096069	2.075829	0
695.675354	2.075669	0
697.254517	2.075509	0
698.833618	2.075351	0
700.412659	2.075195	0
701.991577	2.075039	0
703.570313	2.074884	0
705.148987	2.074731	0
706.7276	2.074579	0
708.30603	2.074428	0
709.884399	2.074278	0
711.462646	2.074129	0
713.040771	2.073981	0
714.618774	2.073835	0
716.196716	2.073689	0
717.774536	2.073545	0
719.352234	2.073401	0
720.92981	2.073259	0
722.507324	2.073118	0
724.084717	2.072978	0
725.661987	2.072838	0
727.239136	2.0727	0
728.816101	2.072563	0
730.393005	2.072427	0
731.969849	2.072291	0
733.546509	2.072157	0
735.123108	2.072024	0
736.699524	2.071891	0
738.275879	2.07176	0
739.852051	2.071629	0
741.428162	2.0715	0
743.00415	2.071371	0
744.580017	2.071243	0
746.155762	2.071116	0
747.731323	2.070991	0
749.306885	2.070865	0
750.882202	2.070741	0
752.45752	2.070618	0
754.032593	2.070495	0
755.607666	2.070374	0
757.182495	2.070253	0
758.757324	2.070133	0
760.331909	2.070014	0
761.906433	2.069895	0
763.480835	2.069778	0
765.055115	2.069661	0
766.629272	2.069545	0
768.203247	2.06943	0
769.777161	2.069316	0
771.350952	2.069202	0
772.9245	2.069089	0
774.498047	2.068977	0
776.071411	2.068866	0
777.644653	2.068755	0
779.217773	2.068645	0
780.79071	2.068536	0
782.363586	2.068428	0
783.936279	2.06832	0
785.508911	2.068213	0
787.081299	2.068107	0
788.653625	2.068002	0
790.22583	2.067897	0
791.797852	2.067792	0
793.369751	2.067689	0
794.941528	2.067586	0
796.513184	2.067484	0
798.084717	2.067383	0
799.656067	2.067282	0
801.227295	2.067181	0
802.798401	2.067082	0
804.369324	2.066983	0
805.940125	2.066885	0
807.510803	2.066787	0
809.08136	2.06669	0
810.651733	2.066594	0
812.221985	2.066498	0
813.792114	2.066403	0
815.362061	2.066308	0
816.931885	2.066214	0
818.501587	2.066121	0
820.071106	2.066028	0
821.640442	2.065936	0
823.209778	2.065844	0
824.778809	2.065753	0
826.347778	2.065662	0
827.916626	2.065573	0
829.485229	2.065483	0
831.053711	2.065394	0
832.62207	2.065306	0
834.190308	2.065218	0
835.758423	2.065131	0
837.326294	2.065044	0
838.894043	2.064958	0
840.461731	2.064873	0
842.029175	2.064788	0
843.596497	2.064703	0
845.163574	2.064619	0
846.730652	2.064535	0
848.297485	2.064452	0
849.864136	2.06437	0
851.430786	2.064288	0
852.99707	2.064206	0
854.563354	2.064125	0
856.129395	2.064044	0
857.695313	2.063964	0
859.261108	2.063884	0
860.826782	2.063805	0
862.392212	2.063727	0
863.957397	2.063648	0
865.522583	2.063571	0
867.087585	2.063493	0
868.652344	2.063416	0
870.21698	2.06334	0
871.781555	2.063264	0
873.345825	2.063189	0
874.910034	2.063113	0
876.473999	2.063039	0
878.037903	2.062965	0
879.601563	2.062891	0
881.165039	2.062818	0
882.728394	2.062745	0
884.291626	2.062672	0
885.854614	2.0626	0
887.41748	2.062528	0
888.980164	2.062457	0
890.542664	2.062386	0
892.10498	2.062316	0
893.667175	2.062246	0
895.229187	2.062176	0
896.791016	2.062107	0
898.352722	2.062038	0
899.914185	2.061969	0
901.475464	2.061901	0
903.036743	2.061833	0
904.597656	2.061766	0
906.158508	2.061699	0
907.719116	2.061633	0
909.279602	2.061566	0
910.839844	2.061501	0
912.400024	2.061435	0
913.959961	2.06137	0
915.519714	2.061305	0
917.079285	2.061241	0
918.638672	2.061177	0
920.197937	2.061113	0
921.757019	2.061049	0
923.315918	2.060987	0
924.874634	2.060924	0
926.433105	2.060862	0
927.991394	2.0608	0
929.549622	2.060738	0
931.107605	2.060677	0
932.665405	2.060616	0
934.223022	2.060555	0
935.780457	2.060495	0
937.337708	2.060435	0
938.894714	2.060375	0
940.45166	2.060316	0
942.008301	2.060257	0
943.564819	2.060198	0
945.121216	2.060139	0
946.677368	2.060081	0
948.233276	2.060024	0
949.789063	2.059966	0
951.344604	2.059909	0
952.900024	2.059852	0
954.455261	2.059795	0
956.010254	2.059739	0
957.565063	2.059683	0
959.119751	2.059628	0
960.674133	2.059572	0
962.228394	2.059517	0
963.782532	2.059462	0
965.336304	2.059408	0
966.890015	2.059353	0
968.443481	2.059299	0
969.996765	2.059246	0
971.549927	2.059192	0
973.102844	2.059139	0
974.655457	2.059086	0
976.208008	2.059034	0
977.760376	2.058981	0
979.312378	2.058929	0
980.86438	2.058877	0
982.416016	2.058826	0
983.96759	2.058775	0
985.518921	2.058724	0
987.070007	2.058673	0
988.620911	2.058623	0
990.171692	2.058572	0
991.722168	2.058522	0
993.272461	2.058473	0
994.822632	2.058423	0
996.372559	2.058374	0
997.922241	2.058325	0
999.471802	2.058276	0
