191.027496	2.549016	0.329266
192.613373	2.535164	0.308451
194.199341	2.521422	0.289082
195.78537	2.50784	0.271045
197.371429	2.494457	0.254237
198.957581	2.481303	0.238561
200.543777	2.468401	0.22393
202.130035	2.455766	0.210263
203.716339	2.443411	0.197486
205.302734	2.431343	0.185532
206.88916	2.419565	0.174338
208.475632	2.408081	0.163847
210.06218	2.396887	0.154009
211.648773	2.385984	0.144775
213.235443	2.375366	0.136103
214.822144	2.36503	0.127951
216.408905	2.354969	0.120285
217.995728	2.345178	0.11307
219.582596	2.335651	0.106276
221.169525	2.32638	0.099875
222.7565	2.31736	0.093841
224.343536	2.308582	0.088149
225.930588	2.30004	0.082778
227.517731	2.291726	0.077709
229.104904	2.283634	0.072921
230.692139	2.275757	0.068398
232.279388	2.268089	0.064124
233.86673	2.260622	0.060084
235.454102	2.25335	0.056264
237.041534	2.246267	0.052652
238.628983	2.239368	0.049236
240.216507	2.232646	0.046005
241.804047	2.226095	0.042949
243.391647	2.219711	0.040058
244.979294	2.213488	0.037324
246.566986	2.20742	0.034739
248.154739	2.201504	0.032294
249.742508	2.195735	0.029983
251.330322	2.190107	0.027798
252.918182	2.184618	0.025734
254.506104	2.179262	0.023785
256.094055	2.174036	0.021946
257.682037	2.168935	0.02021
259.270081	2.163957	0.018573
260.858124	2.159098	0.017032
262.446228	2.154355	0.01558
264.034363	2.149724	0.014216
265.622559	2.145202	0.012933
267.210754	2.140787	0.01173
268.799011	2.136476	0.010603
270.387329	2.132265	0.009548
271.975647	2.128153	0.008563
273.564026	2.124138	0.007644
275.152405	2.120216	0.00679
276.740845	2.116386	0.005996
278.329315	2.112646	0.005262
279.917816	2.108993	0.004585
281.506348	2.105427	0.003963
283.09491	2.101944	0.003393
284.683533	2.098545	0.002874
286.272156	2.095227	0.002403
287.860779	2.091988	0.00198
289.449493	2.088829	0.001602
291.038208	2.085747	0.001268
292.626953	2.082741	0.000976
294.215729	2.079812	0.000725
295.804535	2.076957	0.000513
297.393372	2.074179	0.00034
298.982239	2.071475	0.000204
300.571106	2.068847	0.000103
302.160004	2.066297	0.000037
303.748962	2.063828	0.000004
305.337921	2.061451	0
306.92691	2.059163	0
308.51593	2.05695	0
310.10495	2.054803	0
311.694	2.052719	0
313.283081	2.050692	0
314.872192	2.04872	0
316.461304	2.0468	0
318.050446	2.044929	0
319.639618	2.043105	0
321.22879	2.041327	0
322.817993	2.03959	0
324.407227	2.037896	0
325.99646	2.03624	0
327.585724	2.034623	0
329.174988	2.033043	0
330.764282	2.031497	0
332.353577	2.029986	0
333.942932	2.028508	0
335.532257	2.027061	0
337.121613	2.025645	0
338.710968	2.024259	0
340.300354	2.022902	0
341.88974	2.021572	0
343.479156	2.020269	0
345.068542	2.018993	0
346.65799	2.017741	0
348.247437	2.016515	0
349.836853	2.015312	0
351.426331	2.014132	0
353.015808	2.012975	0
354.605286	2.01184	0
356.194763	2.010725	0
357.784241	2.009632	0
359.373749	2.008559	0
360.963287	2.007505	0
362.552795	2.00647	0
364.142303	2.005454	0
365.731842	2.004456	0
367.32135	2.003475	0
368.910889	2.002512	0
370.500427	2.001565	0
372.089996	2.000634	0
373.679504	1.99972	0
375.269073	1.99882	0
376.858612	1.997936	0
378.448181	1.997067	0
380.03772	1.996212	0
381.627258	1.995371	0
383.216827	1.994544	0
384.806335	1.99373	0
386.395905	1.99293	0
387.985443	1.992142	0
389.575012	1.991366	0
391.16452	1.990603	0
392.754059	1.989852	0
394.343567	1.989112	0
395.933105	1.988384	0
397.522644	1.987667	0
399.112152	1.986961	0
400.70166	1.986265	0
402.291168	1.98558	0
403.880676	1.984905	0
405.470154	1.984241	0
407.059631	1.983586	0
408.649109	1.982941	0
410.238586	1.982305	0
411.827972	1.981678	0
413.417419	1.98106	0
415.006897	1.980451	0
416.596283	1.979851	0
418.185699	1.97926	0
419.775085	1.978676	0
421.364441	1.978101	0
422.953857	1.977534	0
424.543152	1.976974	0
426.132507	1.976423	0
427.721832	1.975879	0
429.311127	1.975342	0
430.900452	1.974812	0
432.489746	1.97429	0
434.07901	1.973775	0
435.668213	1.973266	0
437.257416	1.972764	0
438.846619	1.972269	0
440.435852	1.97178	0
442.024994	1.971298	0
443.614166	1.970822	0
445.203278	1.970352	0
446.792389	1.969888	0
448.381439	1.96943	0
449.97052	1.968978	0
451.559509	1.968531	0
453.148529	1.96809	0
454.737549	1.967655	0
456.326508	1.967225	0
457.915436	1.9668	0
459.504333	1.966381	0
461.093201	1.965967	0
462.682068	1.965558	0
464.270935	1.965153	0
465.859711	1.964754	0
467.448486	1.96436	0
469.037262	1.96397	0
470.625977	1.963585	0
472.214661	1.963204	0
473.803314	1.962828	0
475.391937	1.962456	0
476.98056	1.962089	0
478.569153	1.961726	0
480.157654	1.961367	0
481.746155	1.961012	0
483.334625	1.960662	0
484.923035	1.960315	0
486.511475	1.959973	0
488.099792	1.959634	0
489.688141	1.959299	0
491.276459	1.958968	0
492.864685	1.95864	0
494.452942	1.958316	0
496.041107	1.957996	0
497.629242	1.95768	0
499.217377	1.957366	0
500.80542	1.957057	0
502.393463	1.95675	0
503.981445	1.956447	0
505.569397	1.956148	0
507.157318	1.955851	0
508.745178	1.955558	0
510.333008	1.955268	0
511.920807	1.95498	0
513.508484	1.954696	0
515.096191	1.954415	0
516.683838	1.954137	0
518.271484	1.953862	0
519.859009	1.95359	0
521.446533	1.95332	0
523.033997	1.953054	0
524.62146	1.95279	0
526.208801	1.952529	0
527.796143	1.95227	0
529.383423	1.952014	0
530.970642	1.951761	0
532.5578	1.95151	0
534.144897	1.951262	0
535.732056	1.951016	0
537.319031	1.950773	0
538.906006	1.950532	0
540.492981	1.950294	0
542.079834	1.950058	0
543.666626	1.949824	0
545.253418	1.949593	0
546.840149	1.949364	0
548.426758	1.949137	0
550.013367	1.948912	0
551.599915	1.948689	0
553.186401	1.948469	0
554.772827	1.948251	0
556.359253	1.948035	0
557.945557	1.947821	0
559.531799	1.947609	0
561.118042	1.947399	0
562.704163	1.94719	0
564.290222	1.946984	0
565.876282	1.94678	0
567.462219	1.946578	0
569.048096	1.946378	0
570.633911	1.946179	0
572.219727	1.945982	0
573.80542	1.945788	0
575.391052	1.945595	0
576.976685	1.945403	0
578.562195	1.945214	0
580.147644	1.945026	0
581.733032	1.94484	0
583.318359	1.944655	0
584.903625	1.944473	0
586.488831	1.944291	0
588.073914	1.944112	0
589.658997	1.943934	0
591.244019	1.943758	0
592.828918	1.943583	0
594.413696	1.94341	0
595.998535	1.943238	0
597.583252	1.943068	0
599.167847	1.942899	0
600.752441	1.942732	0
602.336914	1.942566	0
603.921326	1.942402	0
605.505676	1.942239	0
607.089966	1.942078	0
608.674194	1.941918	0
610.258301	1.941759	0
611.842346	1.941602	0
613.426331	1.941445	0
615.010193	1.941291	0
616.593994	1.941137	0
618.177734	1.940985	0
619.761414	1.940835	0
621.345032	1.940685	0
622.928528	1.940537	0
624.511902	1.94039	0
626.095276	1.940244	0
627.678528	1.940099	0
629.261719	1.939956	0
630.844849	1.939813	0
632.427856	1.939672	0
634.010803	1.939532	0
635.593628	1.939394	0
637.176392	1.939256	0
638.759094	1.939119	0
640.341675	1.938984	0
641.924194	1.93885	0
643.506653	1.938716	0
645.088989	1.938584	0
646.671265	1.938453	0
648.253418	1.938323	0
649.83551	1.938194	0
651.41748	1.938066	0
652.99939	1.937939	0
654.581177	1.937813	0
656.162964	1.937688	0
657.744568	1.937564	0
659.326111	1.937441	0
660.907593	1.937319	0
662.488892	1.937198	0
664.07019	1.937077	0
665.651367	1.936958	0
667.232483	1.93684	0
668.813416	1.936722	0
670.394348	1.936606	0
671.975159	1.93649	0
673.555847	1.936375	0
675.136414	1.936261	0
676.716919	1.936148	0
678.297363	1.936036	0
679.877686	1.935925	0
681.457886	1.935814	0
683.038025	1.935705	0
684.618042	1.935596	0
686.197937	1.935488	0
687.777771	1.93538	0
689.357483	1.935274	0
690.937134	1.935168	0
692.516602	1.935063	0
694.096069	1.934959	0
695.675354	1.934856	0
697.254517	1.934754	0
698.833618	1.934652	0
700.412659	1.934551	0
701.991577	1.93445	0
703.570313	1.934351	0
705.148987	1.934252	0
706.7276	1.934154	0
708.30603	1.934056	0
709.884399	1.933959	0
711.462646	1.933863	0
713.040771	1.933768	0
714.618774	1.933673	0
716.196716	1.933579	0
717.774536	1.933486	0
719.352234	1.933393	0
720.92981	1.933301	0
722.507324	1.93321	0
724.084717	1.933119	0
725.661987	1.933029	0
727.239136	1.932939	0
728.816101	1.932851	0
730.393005	1.932762	0
731.969849	1.932675	0
733.546509	1.932588	0
735.123108	1.932501	0
736.699524	1.932415	0
738.275879	1.93233	0
739.852051	1.932245	0
741.428162	1.932161	0
743.00415	1.932078	0
744.580017	1.931995	0
746.155762	1.931913	0
747.731323	1.931831	0
749.306885	1.93175	0
750.882202	1.931669	0
752.45752	1.931589	0
754.032593	1.931509	0
755.607666	1.93143	0
757.182495	1.931351	0
758.757324	1.931273	0
760.331909	1.931196	0
761.906433	1.931119	0
763.480835	1.931042	0
765.055115	1.930966	0
766.629272	1.930891	0
768.203247	1.930816	0
769.777161	1.930741	0
771.350952	1.930667	0
772.9245	1.930594	0
774.498047	1.930521	0
776.071411	1.930448	0
777.644653	1.930376	0
779.217773	1.930304	0
780.79071	1.930233	0
782.363586	1.930163	0
783.936279	1.930092	0
785.508911	1.930022	0
787.081299	1.929953	0
788.653625	1.929884	0
790.22583	1.929816	0
791.797852	1.929748	0
793.369751	1.92968	0
794.941528	1.929613	0
796.513184	1.929546	0
798.084717	1.92948	0
799.656067	1.929414	0
801.227295	1.929348	0
802.798401	1.929283	0
804.369324	1.929219	0
805.940125	1.929154	0
807.510803	1.92909	0
809.08136	1.929027	0
810.651733	1.928964	0
812.221985	1.928901	0
813.792114	1.928839	0
815.362061	1.928777	0
816.931885	1.928715	0
818.501587	1.928654	0
820.071106	1.928593	0
821.640442	1.928533	0
823.209778	1.928473	0
824.778809	1.928413	0
826.347778	1.928354	0
827.916626	1.928295	0
829.485229	1.928236	0
831.053711	1.928178	0
832.62207	1.92812	0
834.190308	1.928062	0
835.758423	1.928005	0
837.326294	1.927948	0
838.894043	1.927892	0
840.461731	1.927835	0
842.029175	1.927779	0
843.596497	1.927724	0
845.163574	1.927669	0
846.730652	1.927614	0
848.297485	1.927559	0
849.864136	1.927505	0
851.430786	1.927451	0
852.99707	1.927397	0
854.563354	1.927344	0
856.129395	1.927291	0
857.695313	1.927238	0
859.261108	1.927186	0
860.826782	1.927134	0
862.392212	1.927082	0
863.957397	1.927031	0
865.522583	1.92698	0
867.087585	1.926929	0
868.652344	1.926878	0
870.21698	1.926828	0
871.781555	1.926778	0
873.345825	1.926728	0
874.910034	1.926679	0
876.473999	1.92663	0
878.037903	1.926581	0
879.601563	1.926532	0
881.165039	1.926484	0
882.728394	1.926436	0
884.291626	1.926388	0
885.854614	1.92634	0
887.41748	1.926293	0
888.980164	1.926246	0
890.542664	1.926199	0
892.10498	1.926153	0
893.667175	1.926107	0
895.229187	1.926061	0
896.791016	1.926015	0
898.352722	1.92597	0
899.914185	1.925924	0
901.475464	1.925879	0
903.036743	1.925835	0
904.597656	1.92579	0
906.158508	1.925746	0
907.719116	1.925702	0
909.279602	1.925658	0
910.839844	1.925615	0
912.400024	1.925572	0
913.959961	1.925529	0
915.519714	1.925486	0
917.079285	1.925443	0
918.638672	1.925401	0
920.197937	1.925359	0
921.757019	1.925317	0
923.315918	1.925275	0
924.874634	1.925234	0
926.433105	1.925193	0
927.991394	1.925152	0
929.549622	1.925111	0
931.107605	1.925071	0
932.665405	1.92503	0
934.223022	1.92499	0
935.780457	1.92495	0
937.337708	1.924911	0
938.894714	1.924871	0
940.45166	1.924832	0
942.008301	1.924793	0
943.564819	1.924754	0
945.121216	1.924715	0
946.677368	1.924677	0
948.233276	1.924639	0
949.789063	1.9246	0
951.344604	1.924563	0
952.900024	1.924525	0
954.455261	1.924488	0
956.010254	1.92445	0
957.565063	1.924413	0
959.119751	1.924376	0
960.674133	1.92434	0
962.228394	1.924303	0
963.782532	1.924267	0
965.336304	1.924231	0
966.890015	1.924195	0
968.443481	1.924159	0
969.996765	1.924123	0
971.549927	1.924088	0
973.102844	1.924053	0
974.655457	1.924018	0
976.208008	1.923983	0
977.760376	1.923948	0
979.312378	1.923914	0
980.86438	1.923879	0
982.416016	1.923845	0
983.96759	1.923811	0
985.518921	1.923777	0
987.070007	1.923744	0
988.620911	1.92371	0
990.171692	1.923677	0
991.722168	1.923644	0
993.272461	1.923611	0
994.822632	1.923578	0
996.372559	1.923545	0
997.922241	1.923513	0
999.471802	1.92348	0
